/**
 * Lookup Table for variables/monitorresolution
 * 
 * Maps string values to their numeric IDs for use in Adobe Analytics segments.
 * 
 * Client: Legend
 * Last Updated: 2025-12-23
 * 
 * Format: stringValue|numericId
 */

1024 x 1024|73
1024 x 1200|103
1024 x 1280|101
1024 x 1366|203
1024 x 1440|204
1024 x 1536|45
1024 x 1728|91
1024 x 200|79
1024 x 320|489
1024 x 360|491
1024 x 375|492
1024 x 390|490
1024 x 400|60
1024 x 414|494
1024 x 432|495
1024 x 480|9
1024 x 533|496
1024 x 568|497
1024 x 600|24
1024 x 640|498
1024 x 667|499
1024 x 690|500
1024 x 720|502
1024 x 736|501
1024 x 768|10
1024 x 800|54
1024 x 864|49
1024 x 960|503
1152 x ???|132
1152 x 1024|40
1152 x 1200|69
1152 x 1280|139
1152 x 1366|519
1152 x 1440|520
1152 x 1536|94
1152 x 1728|12
1152 x 200|164
1152 x 320|504
1152 x 360|506
1152 x 375|507
1152 x 400|174
1152 x 414|509
1152 x 480|170
1152 x 533|511
1152 x 568|512
1152 x 600|123
1152 x 640|513
1152 x 667|514
1152 x 690|515
1152 x 720|517
1152 x 736|516
1152 x 768|37
1152 x 800|25
1152 x 864|11
1152 x 960|518
1280 x 1024|13
1280 x 1200|59
1280 x 1280|108
1280 x 1366|535
1280 x 1440|536
1280 x 1536|112
1280 x 1728|78
1280 x 200|147
1280 x 240|163
1280 x 360|523
1280 x 432|527
1280 x 533|528
1280 x 568|529
1280 x 600|135
1280 x 640|530
1280 x 667|531
1280 x 690|532
1280 x 720|218
1280 x 736|533
1280 x 768|48
1280 x 800|71
1280 x 864|44
1280 x 960|534
1366 x 1024|215
1366 x 690|634
1366 x 720|636
1366 x 736|635
1366 x 768|185
1366 x 960|637
1400 x 1024|178
1400 x 1050|177
1400 x 1200|182
1400 x 1280|183
1400 x 1366|538
1400 x 864|181
1400 x 960|537
1440 x 1024|217
1440 x 1050|389
1440 x 1200|390
1440 x 1280|391
1440 x 1366|824
1440 x 1440|832
1440 x 1536|400
1440 x 1728|401
1440 x 240|394
1440 x 320|833
1440 x 533|826
1440 x 568|827
1440 x 600|397
1440 x 640|828
1440 x 667|829
1440 x 690|830
1440 x 720|839
1440 x 736|831
1440 x 768|398
1440 x 800|399
1440 x 864|388
1440 x 960|645
1600 x 1024|14
1600 x 1050|180
1600 x 1200|15
1600 x 1280|16
1600 x 1366|554
1600 x 1440|555
1600 x 1536|134
1600 x 1728|67
1600 x 533|546
1600 x 568|547
1600 x 600|33
1600 x 640|548
1600 x 667|549
1600 x 690|550
1600 x 720|552
1600 x 736|551
1600 x 768|82
1600 x 800|100
1600 x 864|70
1600 x 960|553
1680 x 1050|184
1920 x 1024|80
1920 x 1050|179
1920 x 1080|186
1920 x 1200|18
1920 x 1280|90
1920 x 1366|571
1920 x 1440|572
1920 x 1536|55
1920 x 1728|86
1920 x 480|84
1920 x 533|563
1920 x 568|564
1920 x 600|50
1920 x 640|565
1920 x 667|566
1920 x 690|567
1920 x 720|569
1920 x 736|568
1920 x 768|36
1920 x 800|115
1920 x 864|87
1920 x 960|570
2048 x 1024|20
2048 x 1200|72
2048 x 1280|121
2048 x 1366|588
2048 x 1440|589
2048 x 1536|21
2048 x 1728|93
2048 x 568|581
2048 x 600|98
2048 x 640|582
2048 x 768|19
2048 x 800|102
2048 x 864|62
2048 x 960|587
2400 x 1024|85
2400 x 1200|117
2400 x 1280|126
2400 x 1366|598
2400 x 1440|599
2400 x 1536|131
2400 x 1728|107
2400 x 640|592
2400 x 667|593
2400 x 690|594
2400 x 800|66
2400 x 864|41
2400 x 960|597
2560 x 1024|17
2560 x 1200|130
2560 x 1280|162
2560 x 1366|615
2560 x 1440|616
2560 x 1536|145
2560 x 1728|109
2560 x 690|611
2560 x 720|613
2560 x 736|612
2560 x 768|113
2560 x 800|154
2560 x 864|116
2560 x 960|614
320 x 1200|167
320 x 200|1
320 x 240|57
320 x 320|419
320 x 360|421
320 x 375|422
320 x 384|423
320 x 390|420
320 x 400|34
320 x 414|424
320 x 432|425
320 x 480|68
320 x 533|187
320 x 568|188
320 x 600|105
320 x 640|426
320 x 667|427
320 x 690|428
320 x 720|430
320 x 736|429
320 x 768|155
320 x 864|158
3200 x 1024|52
3200 x 1200|23
3200 x 1280|88
3200 x 1366|632
3200 x 1440|633
3200 x 1536|95
3200 x 1728|143
3200 x 640|626
3200 x 690|628
3200 x 768|46
3200 x 800|142
3200 x 864|141
3200 x 960|631
360 x ???|219
360 x 1200|272
360 x 240|233
360 x 320|672
360 x 360|679
360 x 375|686
360 x 384|693
360 x 390|646
360 x 400|240
360 x 414|700
360 x 432|707
360 x 480|189
360 x 533|279
360 x 568|286
360 x 600|190
360 x 640|191
360 x 667|638
360 x 690|661
360 x 720|714
360 x 736|667
360 x 768|259
360 x 864|265
375 x 1200|273
375 x 240|234
375 x 320|673
375 x 360|680
375 x 390|647
375 x 414|701
375 x 432|708
375 x 480|247
375 x 533|280
375 x 568|287
375 x 600|253
375 x 640|652
375 x 667|192
375 x 690|662
375 x 720|715
375 x 736|668
375 x 768|260
375 x 864|266
384 x ???|221
384 x 1200|274
384 x 200|228
384 x 320|674
384 x 360|681
384 x 375|688
384 x 384|695
384 x 390|648
384 x 400|242
384 x 414|702
384 x 432|709
384 x 480|248
384 x 533|281
384 x 568|288
384 x 600|254
384 x 640|193
384 x 667|656
384 x 690|663
384 x 720|716
384 x 736|669
384 x 768|261
384 x 864|267
390 x 1200|275
390 x 200|229
390 x 320|675
390 x 375|689
390 x 384|696
390 x 390|194
390 x 400|243
390 x 432|710
390 x 480|249
390 x 533|282
390 x 568|289
390 x 600|255
390 x 640|653
390 x 667|657
390 x 690|664
390 x 720|717
390 x 736|670
390 x 768|262
390 x 864|268
400 x 1200|276
400 x 200|230
400 x 320|676
400 x 360|683
400 x 384|697
400 x 400|244
400 x 414|704
400 x 432|711
400 x 480|250
400 x 533|283
400 x 568|290
400 x 600|256
400 x 640|195
400 x 667|658
400 x 690|665
400 x 720|718
400 x 736|671
400 x 768|263
400 x 864|269
414 x ???|224
414 x 1200|277
414 x 240|238
414 x 320|677
414 x 360|684
414 x 375|691
414 x 390|650
414 x 400|245
414 x 414|705
414 x 432|712
414 x 480|251
414 x 533|284
414 x 568|291
414 x 600|257
414 x 640|654
414 x 667|659
414 x 690|666
414 x 720|719
414 x 736|196
414 x 768|264
414 x 864|270
432 x 1200|278
432 x 240|239
432 x 320|678
432 x 360|685
432 x 375|692
432 x 390|651
432 x 414|706
432 x 432|713
432 x 480|252
432 x 533|285
432 x 568|292
432 x 600|258
432 x 640|655
432 x 667|660
432 x 690|639
432 x 720|641
432 x 736|640
432 x 768|197
432 x 864|271
480 x 1024|319
480 x 200|296
480 x 240|299
480 x 320|205
480 x 360|209
480 x 375|741
480 x 414|747
480 x 432|750
480 x 480|305
480 x 533|723
480 x 568|726
480 x 600|308
480 x 640|729
480 x 667|732
480 x 690|735
480 x 720|753
480 x 736|738
480 x 768|311
480 x 800|198
480 x 864|316
480 x 960|322
533 x 1024|320
533 x 200|297
533 x 240|300
533 x 320|214
533 x 360|325
533 x 375|742
533 x 384|745
533 x 390|721
533 x 400|303
533 x 414|748
533 x 432|751
533 x 480|306
533 x 533|724
533 x 568|727
533 x 600|309
533 x 640|730
533 x 667|733
533 x 690|736
533 x 720|754
533 x 736|739
533 x 768|312
533 x 800|314
533 x 864|317
533 x 960|323
568 x 1024|321
568 x 240|301
568 x 320|206
568 x 360|326
568 x 375|743
568 x 414|749
568 x 432|752
568 x 480|307
568 x 533|725
568 x 568|728
568 x 600|310
568 x 640|731
568 x 667|734
568 x 690|737
568 x 720|755
568 x 736|740
568 x 768|313
568 x 800|315
568 x 864|318
568 x 960|324
600 x 1024|199
600 x 200|127
600 x 240|77
600 x 320|431
600 x 360|213
600 x 375|433
600 x 384|434
600 x 390|432
600 x 400|30
600 x 414|435
600 x 432|436
600 x 480|42
600 x 533|437
600 x 568|438
600 x 600|56
600 x 640|439
600 x 667|440
600 x 690|441
600 x 720|443
600 x 736|442
600 x 768|118
600 x 800|7
600 x 864|175
600 x 960|200
640 x 1024|83
640 x 1440|457
640 x 1536|165
640 x 240|2
640 x 320|444
640 x 360|211
640 x 375|446
640 x 384|210
640 x 390|445
640 x 400|3
640 x 414|447
640 x 432|448
640 x 480|4
640 x 533|449
640 x 568|450
640 x 600|28
640 x 640|451
640 x 667|452
640 x 690|453
640 x 720|455
640 x 736|454
640 x 768|110
640 x 800|51
640 x 864|65
640 x 960|456
667 x 1024|345
667 x 1440|772
667 x 1536|347
667 x 240|331
667 x 320|774
667 x 360|349
667 x 375|208
667 x 400|333
667 x 414|777
667 x 432|779
667 x 480|335
667 x 533|758
667 x 600|337
667 x 640|762
667 x 667|764
667 x 690|766
667 x 720|781
667 x 736|768
667 x 768|339
667 x 800|341
667 x 864|343
667 x 960|770
690 x 1024|346
690 x 1440|773
690 x 1536|348
690 x 240|332
690 x 320|775
690 x 360|350
690 x 375|776
690 x 384|352
690 x 390|757
690 x 400|334
690 x 414|778
690 x 432|780
690 x 480|336
690 x 533|759
690 x 568|761
690 x 600|338
690 x 640|763
690 x 667|765
690 x 690|767
690 x 720|782
690 x 736|769
690 x 768|340
690 x 800|342
690 x 864|344
690 x 960|771
720 x 1024|365
720 x 1280|201
720 x 1366|369
720 x 1440|799
720 x 1536|367
720 x 320|801
720 x 360|803
720 x 375|805
720 x 400|355
720 x 414|809
720 x 432|371
720 x 480|357
720 x 533|785
720 x 568|787
720 x 600|359
720 x 640|789
720 x 667|791
720 x 690|793
720 x 720|810
720 x 736|795
720 x 768|361
720 x 864|363
720 x 960|797
736 x 1024|366
736 x 1366|370
736 x 1440|800
736 x 1536|368
736 x 320|802
736 x 360|804
736 x 375|806
736 x 384|808
736 x 390|784
736 x 414|207
736 x 432|372
736 x 480|358
736 x 533|786
736 x 568|788
736 x 600|360
736 x 640|790
736 x 667|792
736 x 690|794
736 x 720|811
736 x 736|796
736 x 768|362
736 x 864|364
736 x 960|798
768 x 1024|8
768 x 1366|202
768 x 1440|472
768 x 1536|157
768 x 320|459
768 x 360|460
768 x 375|461
768 x 384|462
768 x 390|458
768 x 400|39
768 x 414|463
768 x 432|212
768 x 480|27
768 x 533|464
768 x 568|465
768 x 600|26
768 x 640|466
768 x 667|467
768 x 690|468
768 x 720|470
768 x 736|469
768 x 768|114
768 x 864|160
768 x 960|471
800 x ???|104
800 x 1024|122
800 x 1200|38
800 x 1280|128
800 x 1366|488
800 x 1728|140
800 x 240|92
800 x 320|473
800 x 360|475
800 x 375|476
800 x 384|477
800 x 390|474
800 x 400|53
800 x 414|478
800 x 432|479
800 x 480|5
800 x 533|480
800 x 568|481
800 x 600|6
800 x 640|482
800 x 667|483
800 x 690|484
800 x 720|486
800 x 736|485
800 x 768|31
800 x 800|106
800 x 864|151
800 x 960|487
960 x 1024|381
960 x 1200|382
960 x 1280|383
960 x 1366|386
960 x 1440|387
960 x 1536|384
960 x 1728|385
960 x 320|817
960 x 360|818
960 x 375|819
960 x 384|820
960 x 390|812
960 x 400|376
960 x 414|821
960 x 432|822
960 x 480|377
960 x 533|813
960 x 568|642
960 x 600|216
960 x 640|643
960 x 667|644
960 x 690|814
960 x 720|823
960 x 736|815
960 x 768|378
960 x 800|379
960 x 864|380
960 x 960|816
Not Specified|0
